LEXICON.
163 104 165

-Μ 6161111 61611 61611 6661111 61617 mi 16111 166161 1166611

66111 66611 6661 6161111 616111 61611 *1661 61111111 61116111 16111 66111- 161661116161111 66611

mo mma-fi ww w„ ω610 66112 umnam-M 6661411041066111 ω611· 11661 17661 7767

11 6611111111 66611 61611 61611 61611 11 ὥ11 166111 61611 6111111 661 66611 16111 11 61ι616 6611 6611

111 ww„ 111 *mm 11 mu 1111111111111111111 1111 ¹¹ ⁶2„ 1 ³⁹.

-n mmm„ 111, 1117 111, 11117 11111ο uita! 1⁴⁶⁸„ 7³⁶„

6661661οω6ᾔ661ὓ16686166668 61615 ’66166661 116611761621661θ740116662] 6666161 1 ω0 661410 mli 6661ὗ ΜΒ

mm ω1111 66121 66611 wa„ ‘mu-⁰ 6611016661040111668 Ω’11166612 1116ῒ1

1012„ 1111911117Η 1111ΗΜ mm μὰ l 213⁴ 111Μ ,1111111 1111. 111. 111

1111δ m„ 1037„ 111111,,1111,,111111 11111111,

1666114017 1666012 11 110 67-1143 6111611 A! 1 6611

1111 661111 111-11 1’1111 68111111 1611 166 1 6111 6661 11 6611616 6116161 ⁸

11111111111111 mum,

885 mlv-N& 6711 1611 11610 11611 11610 &mi 16611

111Μ 111ΙΗο mmmm 111μ A! 1 ww„ 117 111ιθ 111,1 111, 1114 111

„bis-7 *wbisfflfflbismm 1³2¹ 111δι 1111,ο 1118 ab„ 11111111 l w„

m mmmm„ 1111 Μ most 11311117 ,1111 1111, em, 1111117111

101611011·Ζ116611660·1 m 1 7711 6611 1661121 166010 1661166612 m! 11160
66661161661166111610166211671610 w„ 66616ωἩ Q 66106661166611 *6661166610

1661411·ζί 166147 1660 1660 16611 mlo 40 66117 66611 ω611 66111 66611 ww ml 1 66110 66611

1111 m„ 0⁴1„ oso„ 111,Β 111, 11112 1111111111, 1117 uum( 1 rm„

111Β 1114111 1114 111115 em„ 111, α11111111 asi Nm mutuum, ¹⁶³4„ ¹742

66611 6612 6611 616111 66610-11 wi) 66612 1161 161619 mvn mmwmww mul-1215»

66111-11666111116116611111 ο161161611111111111 6111111111-1111 1614111111 161 6611
5⁸⁸⁹& 1616101 66611 666042 Γ116 6 11 16611 w ὦ1111 618 6604111117·Ἇῶ 610
166161111116611 6611611166611 66111 1161116616616661161611 1111111 1611 16111111 6111 6611 6611

761111 6661166611 11111 111611 -11 661111 611111 611 6611 mm
161616 1 261116111161711111611 16166· 1 66111 6611 ’1111111 761-1-11-11111 76111 7711
«11111 1111111 11111111111111
⁹⁹5⁹ 1 16611 6116616611-11 661 6116 16611 61611 16111 16611 1161111 116111 1111111111
x& 1 1661 66111 6611 6161 61611 66111 1161 166611 1611111 1161111 1161 mmmm 161111

66116611176111 16111 1111 6611 6611 61611 166116616111 6611166161611 u 161111 1111 11611111 11611 1661

6661οϋ21 6162166111 11611 6160 660 66111-21 66622 66611121 11 61 16111 mmm-mm lwwfffflwm

1666111611 66116611116111611 16111 16611 1111 1611111-11111111-11 16111 1661 16611661
16111 1661 66111 6661 11 6611 66111611 6111611 16111 11 16111 111 116111 11611111 11611111 6111111
16111 1611 1611111661 11 16611 1111 1661111 1611 16111111 161111 1661

6616 11 661 1111161 11661 1661111 ¹9⁷eru-m 6161111111-1111-11

1605161 76111 11611111 16611 16111 6111 4111661 1 16166611 mern-mm 661111 &mmmmm

116616 1 11611 76611 6611117611 66611 1661111161111611 6661 6161111 6161111111 21616171111

«Μ ¹ 1. 11111111 11.11 11 mm. mm ²2³³

166 11 6611 11661 11 1611 16611 6111111 616166111 16111 6111111111 66611

16611611 611111161161116111111611 11666 1 6161116611 6661111 6661111111) 16611111 26611
26611 661111 1661-11-1-11111-11111111 “6.’6Ῐ1661 11 1611166111 6161111111 6611616111-111111 ‘mma
66111 666111 ’1661 1161 1661161111 6111111 s²ss 166611 11 6611116611 ,11 6161 6111 6161111 61611 6111116161-

6661066611Μ106661 616111616Μ1’21 6661 ⁸:¹³³ 1 6610176611οὯ 6661 11 610 660 mou-w 666100) ³¹ae&lb-²2 6116141141·

ffllo 16622 66623 66121161111191661 16116 16161 13-27 81κοι11·10·11-21·111·21 6617616411
aas 1 1113 11111 1 11111811118 11 no„ &flam 1114 mm 11118 111Σὺ
'm 11 6611 616 661 161 1666011041 66117 6611616016111 Β 6661 61111 ὦ611-11 &bam 61611·
‘m 1 166κ 62117 66118 6611166111 66611 6161 1 166Ἠ1 66611 6661 6617 66611 6661 7-11120666117411 661111661017616111-11

11 6111616 161661 6161166111 6161111111 6611 66111 6111111 6611111111 66611

Μ 1 11611 11611 1661161 1 16611 76611 ww 6661 66611111 6661116611111
>am 11 6111 661 11111 1 6611 11 16611 666111 16111111 6611111111 61111

 

