LEXICON.
199 200

1111 1 11141114 11144 11144 11144 'Q ¹ 1114 4111 1 1114

1111111144 11144 1111141 1 11144 111444111411144-444444 11111114

„9129 1 444, 444, 7917999„997„99971017„11111„ „9111991⁴

..4144411444 1909 1 4,, 99„ 444,,, 444, 912„ ,4,41444, 444, 444, 444, 444, 444,
11111111 11144 11147 1114-ιί 11144 11144 1114 11144 411111 1 11411144 111144

‘1⁵1²‘ 1 444, 199„ 909„ 444, 444, 017„ 44414444,
444, 444, ‚ ,4, 1 444,

4441444 . 091991299999291
111111111144111144 V &¹³⁰ 111144 1114444
4414414444, v 4114311314 444, 444,444,444, 11
4111111 1 11114 ' 1111444444
4444441444, · ,444 1444, 444, 444, 444, 444, 999„
’1111111 11114 ’ s 11144 1141114-441114111144-44-44
9291· 1144, Ι , . ,ηαξ 1 444, 444, 911„
41111111111144111441114411114444 ' ' 411111 111114
&23¹¹ 44, '0 ,444441 1 4444,
11111 111144 4111111 1 1114444
1111 1 1114 1114 11144 11144 11114 1114 11 41111 1111144 41111411 1 11411114
119„ ,ηᾰξιῑ 1444, ,444444 1 444, 444, 444, 4444, 4444,
''1³1²'‘ 144, 444, 444, 271„979„199„„„ ,44411444,4444, 1099„
11144 1114444 ’1114444444 11114 1114444 2111111111144 1111 1 1144 1144 1144 1114444 11144 1114
111144 11144 11144 71144 11144 11144 11144 4111111 1 1114 111144 2114444 21144 11144 m„ 1114444
1114 11144 1114 1114 11144 11114444 111111 11114 11144 oe⁰1 aeg1911 11144 11144 111444
111144 11 1144 1144 1111 1 1114 11 11441114 1114 1114411144 11141114444444 11144
11111111 1 11144 1114 1114 1114 111144 11 11111114 1144 1141144 11141144 1141144 4444 11144 11144 11144 11144444 11144
11444444 ae1-910001919110911910 44444444 1114 1114 1114 11144 1114 11144 11144 1114 11144 11144 111444 1114444
44145» 1444,444,11 44, 444,, 197„ 900¹ 991„ 444, 444, 444, 444, 444, 711„110⁷ 744,, 790„ 990„a
4414441444 4444444444444444 900„92„1000„ 191910009109.
1111111 11 1144 ω4444 1144 11144 11144 1114 11144444 ’111444 1114 111144 1111444444 11114444 11114444
“1.““111111 111144 11 1144 1114 11144 1114444 1114111411144 1114 -ιι 11 14444 1144 11444444 11144 11144
1111111111 1 11144 ’44 11144 1114111144 11 01991 11141114 1114 1114 1114114444 11144
44,, 444, 444, π4,π4,π4,, τπ,444,, 441,144,4(44,1144,
41111111111144 4444 m„ 799„„ 111444 1111444 1114 4111112 11114
11111111441114411144 11144 -ι4-44 11144 11144 11144 11144 11144 11111 11114
4111111144 111411144-441114444444444 11144444 *111 11114
W ¹ 11144 11144 11 1114411144 -44-44 ¹¹oe1910 11144 11144 111144 111144 11111 111144 114444 1114444444 1114

<Q 1 910„ 11 444,441,,444,444,, 1099²¹ 1019„ 11 44, 44,,,,,,,, 90„ ..44141 997„„

111444 1144444114 1144 11144 1114 Γ1111 1 1114411144

ωρ11444, 119921109„191„991„921„199„917„99„ xfflt 1991„

1111114111411144 11141114411144 1111 1144 21144 1111444444 1114111 1114

Q11199„ 444,11 444,,, 191„ 41441444, 444, 444, 991„ 991„ 4444, 4444,,

444 ¹¹ 1109 ,44444 ··

11421 1 ⁷²19 1114 1111311 1 mm 11144,

ὣς.» 1 4,,414, 11 199„ „99:3921009„

99919911191991 99:919„

„Qu 11 431, 44114144,

Qu 199„² 444, ,4 1 199„ 791„ 11 44,

1111111441111411144 1114111411 1114 1111111144

4441444444, 9¹99

Q 1444, 444, 444, 444, 000„ 444, 4141444, 991„
99 11144 111411144111444444 1114 11 “ἣ111111141114411141
44, 441444,

 

