LEXICON.
302

mssQQ 4100
771 7 ⁰⁷1012100000¹⁰⁰1m⁷10²⁷³20 7777777171 7 777ΕΙ
*³³⁸5 1 111111 1111111 „uh-3 1 11111 1111
”⁹⁰⁹5 7 771 777777 7711101111 ¹⁰⁰0ae ¹⁰¹1 1·me 7 777711
4011 7777021 77777 7077741411 77200·οἏ ’774117 7 wo
1111111111111111 1111 1111111 11111 1111 ,11111111 1111
mm me111 mn 7770 δ777111 777778 77770 ’771 77777 777710 777747425 777714 77770
87717 877777 7777710 7ω14444140 7ω1 7671·10-71·217770 77710
7777777 7 7ω10-174Μ777717707040-12-10 777711 83771 {mn &a 777727 7775 87770 87710
7777111177911111737117ω1 Q Q ⁸⁷²7 oe⁰00 777711 77779111 mom„
7777777 7 7777 7777 77 7720 271142 7921 577141 77711
1 „amq 1 11111 11111111111111111 1225 111111

12'22531100,² ‘Zelmaefflnflffloffls

301 303

0035» 1 1131111

771 7 7771111111 7777711 7777117777-1111 77711
-1111 7777711 7777011 9⁴³11-11

03 1 1111111 11 1111

1111 11 120²¹

111 1 11111

ρῃὕῂ

771777 7 77711 777771 77711

1111111 1 010111

QssQmm

11111 1 111111 11111 111111 11 11112

0²⁰0 1 11111 1111 1111111111 11111111
7371117771-11ῃ 77 1

,1111 1 mm 2711 711111

16113 l W„

'⁰⁸0' 7 9711 77777111 77771

77711 7 8771779177711 7777711 77711 77 7711111111

111111 l 111311

11611 1 111 2181 11112111 691111 11 2111111

77771 7 mmm-u ⁴6¹107451 7773111

1,1111 11 111111

11111 111111 11111

11111 111111

1111111 1 1111111

¹⁸0³ Ι 2101

111 1111111 11 1111111 11111 111111 1111111
010J 11111

,111111 1 1111

11.» 17121

1111 1 11111

111» 1 111111 1111

¹³⁰0 1 1111111 11111
νψηῆωη
1711 7 7771

1111111 1111111

,1.(1 1 111111111111111111111110111

17711 7 77177711 777711 ²⁰⁰0 ⁶¹³1⁷2020 ⁶⁸⁰0

77ῇο 777710 mh ω717 mm Q„ &88

22
1111 1 111111 111111111111111
⁰2⁸⁸& 7 7771
).1 0³ 1 111111111111111111 11111 11111
..90111111 1 012„ 1111111 1 11111111 111111
>⁹⁸ 11 1 000„ 11μρ 1 01111

WQQQQQQQ
1111111111 111111

0wffi

WQMQQQ

111111 11111111111111Ξ

10111111 11111 111111111111

Q„ 7 ml ww 16611111169111111169111
77711 7771111 77771111 ωθι 7777π 777711
777717 7371177721 mn 77 7717 77710 mlo-20

1,1111111111 11111 1011¹⁷ 1111111111 11111
1111 1111111111 11 111 1111111 10111

1101111111111111111

111111111111111111

1²21· 1 0„

111111 1111 1111 11111111111111-1111111
417771777111777711 7771-11777771111 7777711

7731-11-77777-111111

,111111 7777111 777111 78771111 7371111777

-Ἀ 777711 mi) 77210 7770 773710 W„
⁰⁰⁹³⁰¹³n ⁷⁰⁸1 ⁷³²1· ⁷³³1 ⁸³⁰0 ⁸⁷²0
1111 1111 11111111 111111 11111

11111 1 1111 1111111111111111111111111
7772012ὓ11 777704041404040 7ω1 77771

woffo-1010& 777717 7771 7771177811·

11 7711 1711 7001771 ⁸²⁶0„ ⁸⁸⁰1
77971 777711 771777111777711 7711111-
11 ²91217-12 7771 7771777771

777771 7 77711 7771 ω71

1777770777717777117777771177771177177711

77771 7 77711 7791111 ¹⁶⁸tr11-10 77771111 77711-
1137711 777717777177 777711

1111111 11 1111

..11Δ1 11 17111011

40 7α721·1 mist-14²2

O &md 77 7777111 77771111 7771) 7777111 777111 mm

11111 11111
'Md 7 7771 779111 7371 777711 757711 77751111
7777111111 αἱ771

 

