LEXICON.
257 258

1 &Q 1 ὧι21 Μ 'Q mmm 17111 wrm ω’* 91119 9184 oel14¹²] 9η

ὼ· 6, 66, 66, 66, 66, 55„¹² 751„275„ 1666661676, 666, 666, 6666, 7666, 7676, 6666,
677, 666, 667, 667,,, 666,677,667, 1166666166, 666, 551„ 666, 555¹ 116, ‚„ 6667,7667,,6667, 116, 66, 666,
m„ mu ml„ m3² ww 1121117 331¹· 974¹„ 11111 Μ 1 168 716 81118 w„ oe¹²2 woelo

67666166, 6666,116,
Μ* 1 11167 11 55„ 9117666 1116611116 611111 1 116 11167 116666 11177666 1116
-6711116 1116 111166 1116611117-66666611166-661111

5:⁸³5 1 1111667 1111176 11 166 1111111116 111166 11166 111116 11116 11116 -66 1116 11166 11161116-7666 1116 11116

xii 1666, 667,666,667,,16 766, 7667, 1555„ 7666, 666, 676,,,,, 555„ 667, 555„ 667,

»6611666 ¹ „um-1755„ ⁸ 6666,1176,66,,

61311 1 11176 1111 1 111166 1116611166 1116666666 11166 “5⁸⁸³ 111661961167116 1116 11177 11166

xiil 555„725„ 66,66,676,666,1166,, ,,667,1166, 157„„ 666, 766, 667, 666, 6,,

’ „mi 1167, ,61666 1155„55„ 555„555„555„572„ 555„„ 555„ 667,

00¹. 1 66, 667, 666, 666, 521„⁹ 677, 557„ 515051155„ , ,,667,666,666,677,766,766,776,

1111176 11166 1111 1 1111176 11116 m„ 11167 11166666 11117666 111167 &5
..225 1 667, 11666 6 666, 666, 767, 766, 766, 676, 666,,,,,66,,,, 667, 666, 666, 11
666176, 677, 666, 6761167, 677,66,, 666, 667, 555„555„515„555²¹ 5¹⁶5 55„ 55„ 66,

’4111111166 1116-7-6611167 111176 111166 υ66 11117 Ψω111166111116111116

*1111 1 1116 11116 111166 111666 11117666 11116666 11176666 1111667767 11116 11116 611111111111166 11966 ὦ166
1116 111166 11176 11166 ⁷²¹1 11 1167 1116 -17 11116667 111166 11116 ὥ611166 1116666 vm 11 11167
1111667 11116» 11111611 1176 1166-66666711166 117 'm 1 1116 111166 m„ 11116 11166 1117

’1111 1 7³² 818 111161 ²⁰⁰ss 2⁴8„ 211111 m„ ⁰⁴2 mm 1116 85„ ¹¹3ss 1 311ῆῶ 1102 1091711312 &BD 11118 mlh-10 711110 mm
555„5oe„575„ae5„555„515„527„„ 11111·111116611166111611166 111667116111166116611116111661116
6,, 6,, 676, 666, 666, 666, 5:553.. 1 777,,, 676, 666, 766,66,666, 666, 555„ 1557„ 5555„ 7666,
1117111166 1116 111167 11116 1111766666 11116 11166 11166 1116 11167 111116 11166 1117 111111 11166 2116 11166666 1116 1111116111
767, 666,,,, 666, 676, 6676, 7677,, ,, 766, 515„ 517„ 677-676 666, 666666 11 67, 66, 67, 67,

17 67, 52„155„„„ 666, 557„⁰ 666, 555„ 575„ 676, 577⁷ „5555057.1755„1155„
ω1676,666,676, 555„ 1551„,„„ 6666, „ 11 67, ,16661666,666,6666,
ιω166,767,11666, 7855115355„55„ ,50:1555„
ι6.,671666,666,667,,66,,646666, Qum„ 1666661666,766,666,666,666,676,

1117711176 1116111767 11111176 *³¹⁸⁶ 1 111116 1111667-66666666 fiffl„ 1116 1116 11166 11116666 11161116
6676776666, 6166666, 6166,,,67, 666,,676,676,666,666,666,667,
μιω, ,6761666 x521255„„„„
ffllm„551„555„551„525„ 61161166, 16671766,

“ Ι-11“1111116611116111611111161111176 111176 «11111166 111166 11166 ω16111167 11166 1111111191666 11116 11166 mm 1111166
111116 1111116 -75 1116666666666-6666 11164666 111111116

63111111 1 11166 1116 111166 1111166 11116 Q„ 11 11667 116 11111 1 1111166

*111 11166 11117666 1116 1116676767 1116 *1111111167 6111 111166 1116611167 11166 11176 11116
5¹⁶⁴ &7 ⁰⁴¹³ ⁷92⁴ ΜΗ) mn w& με 11 1116161 610 65ss ffl„ mn 1111ξῦ H 1111111
666,6666,117,6,66, 16776. 1166, ffllae„„55„151„¹ae„1ffi„255„

1 11111111 11171166 111166 111166 ab„ 111166 >³⁵²⁸ 1111166 55„ 1116767 11171116 111711166666661116-6761116611166111
mn m„ ’1112 18122 w? 6181·2·1·1 98115 Ϋδ· 1 ¹²3⁷·ss ²77² ΜΠ mm 5²¹2! mlo 11111146 'wi 1131 18124116 ωῚΜ 1101161]

111017 &a 11ῶο ss 111121 611625 θ1111611 131144 wi„ 112117 «1166811

11111 1111676667 116 11166 11166 117-66 1166 6666666666 11116666-66-67-666667 1116
55„ 155„ 666, 666, 666, 666, 666, ,,, 666, 666, 666,1166,, 6,,66
111166 1111166 111167 11166 111116 1111611167 ’67-66 11666 1116611676

*⁴3⁵3 1 11167 111167 111176 11166 11166 1116666 111711166666 1116661116 1111· 1111167
6761166146 7666666 76666666 66 »7161666 7767666666

1 111116 1116667666 11177-66-67 11166 11166 1116111161116611161111166

7666-66 11161116111667611161116 mn 61111 1 1166761116 11166 11117 11166 111
555„ 557„55·s 766,Η 766, 755„ 755„„ 666, 666,,,, 666, 667, 676 666

⁸¹²1·²55·5755·15 8⁸52„ ww Q 8818 W„ ss 33„

 

