LEXICON.

181 182

41441414, ..4141414

14414 1441444, 441, 444, 144, 414, 414, mi 1 1111‚11111¹⁰

11 41, 4,,14, mena,

4414141441,444,444, “ ” ,11444144111411,,114,

71111 1 mm ⁹ 1 111111 1 21114

''3³⁸'’ 1 mm mil mio-1²2 ⁸⁴⁵1 · 1

1444 1 4141,

411111· 1 1111„ 1111411111

11444» 1 444, 444,

11111* 1 ⁶9²2 11111 1 11 1114 11144144) 911 ¹²1 1111411444 111* 11111441 1111111111 11191113 11111 111314
4141444 1 444, 114, 444, lom 41, 4,, mmm 414, 44, 110¹„1111²⁵ 14,, 141,,,,144,114, 14,,

4113 1 fflsswffi ⁸¹21 1111444414 31141 1111141144 1111411 1111144444 1ω41111101111111114

Η 1 θ’ὣ, lffl'l¹³ 1117111 71111111 11111 ἠύ 1 mlo 111111 11114 mm ω1111 mm
16 Ι 269„ 331, &³⁴5 ”²²⁸3 1 5111 11411444 ¹²1 1111414 11111114 ἢ14 111111 111144 111114 111141 1511 11111 1174414
14441414, 1111114111 111111 1111114 111111 wo mn 111511 111113

³³33 1 mu ⁰²⁸2· ¹ffl⁷11=21 &⁸⁸⁸²ss 1 1141114 1114 111114 111144 11114 711114 1111111

14441111, ·· 41144141, 141,,144,144,414,
“ offas 1 Mb„
&hm 1 1ῶῖ40 51121
, 119 6841, 11 111, 7525 1 414,

ι’» 1 441, 14,, 114, 111, 444, 1411, mma

ml! 3Β11111117 31711181 wok mam-2¹ rmlb

-111 71744 11114 111141 11211 11114144 11 211411
>amn 411,444,,441, ' ..ξύ-41441,
§.21217¹„111117311¹,³121¹‚11111² “ · · 444114,4,14,,414,444,

· wa„
464 1 4,, 144, 444, 411,
44» 1 14,, 4111, 141,
ou» 1 1141,
11111 11111144 17114 11114 21511 1111441 11114

44, 441, 411, 1144, 11 144, 141,

14411444, 141, 11 141,

x223131112311111151111¹³ 1441114444,
:m 1 14141, ..pm 1414,
44441 14411,14414,,, 1444. 1441, 414, 414, 114, 411, 11 1414,
4441114411, ms· 1 4111,
4441441141, mm 411, 1444,1141, ,414444 1111, 414, 144114,11,,, 14, 441, 411,114,,,111,
1444141414,411,444, ,44414411 1111, 411,144,,414,444,411,414,111,141,,
1141111, 414, 441, 414, 1115lm 114, ‚und 1 4414, 444, 411, 44, 141, 1414, 11 14,,
414114,14,,414,444,444,444,, ..anni 14411, 144411,441,
xm* 1 111114 111111 >²²⁵3 1 8111 1111151114 11111144 711111514 ¹³3 11141 211111
uu 1411, 414, 4414, 1..»’.4 1111111¹⁴
μή 1 mm 11111141 ΜΦ] 877111 811147 mm Q 1 1111321121 mu 111111 111113 118024 3»ssss 1 {mm 111113 16117 me 1161111 man-m
..μω 14441, 114,111,141,414,,14411,114411,141,, emm

1144444141, ,4.44 11, 114 114.

17 s
ι1411441141, ,14441 1141,
11111117111111111311114111544-141111411111141 *²⁸²5 1 11111 Q? 11111141

1144, um 1 441,,141,, 141, 411, 114, 4144411411,

414111, 14,, 2113111'1⁴ 41, 4411, 414, 144, 14,, 14441 141,111,

441, 14,, 1111, 4441, „ms 1 411,144,441,, „ms 1 41, 411,

4441144, 4441, 4411, 414, 441, 1111, 14444141,4ο,44141,,144,,1441,11114,, 1441414,11,14,444 144 1441 4111

10 11 U n
4111, 441, 1012b 11 14,, 14441» 1 11110⁷ 141, 1441,

 

