111111 1 1111, 11 119¹
111 1 mm 1111, 111,,, 111,,, 1111,
66618 (mu 66621-18-84 6661 (mu 6660 66617

96918 H 881Μο

dm 1 911⁷ ι

ssQQQQQQQ
²¹²0 ²2⁵0 2³²1„ ²³³1 ²⁸⁴0 ²³⁹2 ⁴⁰⁸1
6160-10 ’66617 66611 mm ⁴9⁰7÷19 6261
5111 1001 6211611111 11111 ⁶⁷²2 ⁸³51
⁶³⁹9 ⁰⁹³9 ⁷⁰²1 ⁷⁸⁰0 0117611791»
1111666 66611 6661166611 6661 66611 66611
wama ⁰²⁸⁷ ⁹⁴⁰0 111111 11119111
1111, 1111, 111, 111111,,,1111,, 1111, 1111,
,, 1019M 11111, 11 1,11,, 0,, 111,
¹⁰⁶1 11811111

66666 6 61018 2610 261010 261118 66106617
6618 6611 7710118 6621 6617 6611 6684 mh
2161008 21611 6660 2661866610 66628 2666111
QQQQQQQ
QQQQQQQ
6661 6661081 66217 66621 ω600 6667 mh
111, 1111, 111, emm 1111, 111,
111, (mm 919⁸ ffi9„ 1111,1111,, 111,

LEXICON.
339

11111111 6661166611 66611 6661 666111

66661140 α66145 bul-³4¹1 5132 6661 66611

66661110 56110 6667 666611 wffl πω m81!
66660 6668 6662 66612 ww {mm 66614

66611 6661 66611 666111 6661111111 6661111

-11 66611 ffl⁴0910 666111 6661 6661 6661

QQQQQQQ

666666 766111 7661111 66611111 6661111

339

mist mmmm mlh-2⁴ 7611-21)

mm Ίῶ, 871, ωδω ms„ 321, 82⁴³
66611666611 6661 6661111116666661-11
π111-11666166611 6661166611 66611 66611
66611 6661 66611 6661 6661111111 66611111
-11 666111 666111 66611 6661-11 66611111
§mmm 934¹¹⁵ lffiwm‘ 1041Μ Π
1 26 31

02111 lhiflmfflffllofflffl

1166666611-1116661-11-11666 ⁷⁷⁷ 66611 1666 6 66611

-mk 9

-1111111116661-1166611 766166611 6661111 61666 6 666111 666111
6616661111-11666111111666166611 6661111 1661666 6 66611
-1166616661166611 6666116661 66611 6661- 116666 6 66611

1111 6661111 666116661166611 6661 66611 16666 6 66611

11 6661 666111 6661-11 66611 6666166611 1666 6 61

1111111 666111 6661 66611 66661111 66 161666 6 6661 66611
6611 661 mmm 6611 66111 6611166110 16666 6 6661 ·
11-11 661111 6611111111111111111 661111 §uf 6 66611

111111-1111111111 66111 661111 6661111 0168116569,

1³6„ 137,

1616“6 6 66611

66666 6 6611ιι 661661 6661111 666111 161Ν666661
1111111 1111111181» 11111111

100,1 291„ 211, 217,δ mom Ἆ10, *wn-

111111 111, 11 11,

11116661 66611 666116661111 66611 666111 66166666 6 660
111111,111,,111, 1111,111,,1ο11,, 11181111. 1 11, 11, 111, 111, 111,

617, 629, 611, 617),ἲ 038, 713, 792„
666166611666111 666111 66611 66616661
66611 666111 66611 6661111111 6661 66611
6661 6661166611 6661111111 6661111 666111
ωῠ, 1170,,,,977,91ἴ1 [116

91910 911
QQQQ

„120 1 111, 111,

66611 66611-11 766111 66611 6661 666111 16616166 6 6661116661 6661

76611 6661111 66611 66611 6661111 6661 ‚sslsaebfflofflm 8711, Μ, 877, 880,,,, 1616666 66 ᾖῃ 661
6661111111 66611 666111111 666111 6666166611 811, 881,11101,,,,100,,100,, ¹12¹ 110, ’ω ¹ ⁴⁴50 ‘ffiffl 7¹2„

111, 1111, 111, 111, 111, 111, 111,

,11111Ιῆ

9611 6661100611 ¹⁰⁰⁴011⁰⁰⁶000 ..1111111 010 1111 09 990 919

111111,,, 11111, ,, 11111, 1111,11111,,

11 9,, 12, 13η 6616116611111-11-11111

ffllstlbstffidodflfflffl 57991910 7217 923

6611111660 66611 6661 16611111

101710

6611

1111, 111,,,

1111111111, 111 ⁴⁰⁰0stae

19929

2⁸⁰0 ²⁹20 ²³³0 ²⁹⁶2³⁰¹u³⁴⁴9³⁶⁶01³

666684 wilm &ww-9⁷ bmfflww
111,τ11,,11111,111,

11111111
6611 §ww 6 7661
ω 1 1111, 111, 1111,
mm l 199¹⁷

11111111 111, 111, 111, 1111,111, 11 111,

6711

1919

δ666111 ⁶ Ζ ΜῊΜί wolfi
n02021071²1
1⁰91 106611 ’0611110671 ¹⁰⁴⁰0 ¹⁰⁴⁸11 ,111 1 111, 111, 1111,οῃ 1111, 111, 11 m ¹ ¹⁰²⁹n

492& 1 011, 1111,

,104³ 1 1111, 111,111,,1111,, 111, 111, am 1 111111,

1111, 1111, 11 119b

9340 1 111, 111, 111, 11 1, 111,

1666666 6 66611 66611 6661 66611 66 66611 Q 6 6611 6611 661 261111 6611 6611 b²11 '’Wfflw 66111

-11-11-11 6611 66611 66611 66611111 6661111 Q

111,1111,, 111, 111 111 111,111,, ω1111,111,111,,111,1111,

11111 1 11111, 111, 991M 11 111,

ι111111111,

11111· 11111,

>291 111,

1666 6 66161111 661111 6611111 66116611 661
·10 6611111 66111 661 6661111 6661166611
6661111 66611-11 66611111 26611 6661 16661
66611111 66611 6661666 66611 6661111111
666111 66611 6666111111 66611 a’⁷22 66611
111, 111, 111,,, 111, mm 1111,

19 11

,,, 1111, 1111, 1111,,, 111, 109²² 1111, asu 1 111, 111111,

082021 66621 66610 6061010 5661010

66611 6661111661-11111111 6661166611

-1111-11-11 6661 666111 66611 6661111

ω’ 1 1111, 1111, 111, 1111, 11111, 111,

1651

111, „ms 11111,

,,, 1111,1111, 111, 131,,,111,,, 111- 1111 1 1111, 111, 111, 111, 111, 111,,,

799799 791

149-1011

6661111166 66611111

1666-1666-11111111

66611 66611

111, , mm 1111 1 111,,111,,

mm ·1919·1991·21 mffll1l'9w-Mffi ω ¹ 66610 66211 ssffl, 66668 awo

 

