LEXICON.
307 368 369

000000201700² ..79ρι99117971 719ρι971991977117777711
Q 166612 66616 ''a-'31 mim-Ml 663-19 669 166111 66619 *wsb 6 66611
Q 1 2917977 211171111179611119611711117977 611911117777 11191 1 17 1119 919 2217-77 21197 ²²30 11177
mma„ 7979999999999977 2⁴0 ²00 2070002721200
ὼ Ι 6110166611 16177 61179 &a m„ 111177 11119111677 161119 61119111117961179111177111196111911119
otus 1 979119791 99711 799911 797711 11 911 9911 7911 9111 77911 797911797911797911 79991
ώί779119991199911 7141717917911 7919719917771177911 79177717 11 7911
99779 97797779. 99977999
’97777971179791717791 eug 77 9911 717917 1 7711 9711 7991179711111 7991
777791791979179911 7979111 7779-17199117917971 77911 9971997119771 7991 977979 9771979ἦ 9791 97711111
Vm„ 6 6615 6663 66621 66611 6664 76616 6666617ῃὶ1 8⁴¹⁴·ss mmo
*11111 161179 · 1111677-791111177 1111179711 177 ¹30 319111179 1111111116119
v 07¹ 79911 77911 7991 711771 1 9711 79711 79717771 710n 99911
9397179799 99977779
99977979779797 9997179
,1197911971
021 99
³⁶¹70⁸0⁸00⁸011⁴0
1 ω 199911
*²3²³ 1 19179 1111779 1111179 111177 .’ 111111 1 21177 1117 1119 1111177
77971 797711 9911991971111 9711 ’ ’ 7977 7 9991
omi 7 77711 · 97» 1 97119711799177799117991
„uani 19791 ' 1,777771 9991111
w 79919719911 · >⁶³ Ι 7771177919911777179717791197911
&W 1 1111117779 ’ ω117777 31177 ω795119 11111977 1219111177
ἑὼ 1 111117 111111179 ’ , 1617977 111179 111979 111177 11159 ww
1111111119 1181179 711179 111119 111179 ω79 1111679 11119 116177
ιῑ7»7779777 997199 00000000007070
750„ 1 799111 7791 ..7179 Ι 97911 97711 7991 11 791 7711 97111 9711 991
16661ω66-1318 ω66-10 6666 66621 666618 66611 ’6161 6 666Β 666111 66616 6661-10 66611 mmm 6616 663] 6617 6611
9177199111,11,17799911991 affirmabas„ 9971991177911779177711119991179711
ΡΝ 1 1111117 1 91111161 1 16179 7317979 111179 1111119 11 1117
1111 1 61119 2111177 31117977-797979 *1911111179 111177 “³⁸3 1 11179 3177 169121177 ²²⁰2 Μ79-77
7199611 1 61177 Q 1111111179 61111777 116979 196979 6617979 mm ⁶⁷77 111119 1111177 11167977 11179
Mars 6 mm 66611 ww 6611 &nn 66617 6ᾔ11 6665 [Q ω611 66616 66661617
.......-... 9791197711 9771 9991979111 97711777199711 ,97971797119911
99119791197711 9971 99911 9971 11 9711 „sm l 9791
. ,117991 9371177911
,997991 979797199199917779911 ,7979911111
1999191791 1111111117711617911111791111177 71111 1 1079 211771119111196179 11167
xmp 1 66611 me *ath 6 666111 666111 66616 66618 6661271 66610 6663 666611 u
7111116679 *1111111177 1191171179
7111119119 2117 111179 61791117979111179 11111 1 1111797779 111977 1117911137711117 xm 1 111179 1’11117 13199 311177 1111119
66661 mm 66610-Ἐῶ 66613 66610 66611 666361 mlo mv 666116 6661 fflssu m¹1¹1 661611 616610
1167711179 ὗ677 711177 111177 111177 11191177 111177 1169 1119 17177 1119 m„ ⁴00„ (Ab 1 1111179
,Ψ11179111911167711119 1677667167161711177111117911677 Ῐ11111111177116177111179111791111771111117
7,.-1777 77711 99919791197911977119791111977119791 1797919971 799911
11119111167979 81979 Μ79 6819 111617 61119 121179161177 )“1·’ 1 111177 mg10 61177 11 1119
711111 111177 ffi²0 8⁵³17 11179 1617911117 111179 1111791119 771179 *11111Ῑῆ
*²⁸7⁶* 1 11119 11117 111117 78117911119111196117 111119-7777-77-79-97 1111177 ώ 1 111179 1119 α11179
9911991197911979199719791977197911 177791 7991 ω197919971 79711 99911
97711119991117719911771177911 979111711771179711

 

