LEXICON.
403 404 405

υ1191111199, ..111917,,799,999,,11199,119, 11711191, 179, 197, 119, 199, 991,
1,1171197,999,1911,111,, 1791111199, 91,,
,ms 1711, 11111191,,1199, 9114111999,
„m 1911, d. 1717, ,19111 199,
vamum„ ...11111 100„ 91911119,
*11191197 α91179 9911111711911917111
““.’“4·“44444449 *444 4444411 *4444444944441144411 444740911444497
’,1.1111199,1191,99, ,1.1111919, ,,,1ο99,,1919,
“mmo 4444444474419794441944714449144474471 ““.444“4Ᾰ44444417
*3³5⁰ 4 44411441 44471 44471 44441 4441114409 7417 444779 444411 ¹⁶⁷ae 47411 1⁸5„ 444411 μμ 4 244411 4449 44447
11, 91 111 ¹1⁸1 ¹⁹21 ²⁴¹„ 2⁵⁶1 91 771 2⁸⁸1 ²⁹²2 2⁰11„ 9111 1111111 197
mv wi? 444421 mh 3441118 444411 4441 &BR 3¹3⁶·ss 844421 44Ὼ1 34441οω411 ffl‘„ &Q 4 3411 4440 4444111 W„ 57¹7 4444411
44444111 44412 434413 Q„ “mlo-17 44471917 ’πθ-844411 aeo²·ss mna& 44448 444410 44418 ω4413 444418 W„ flaeu mlv-²2 444442
affin 48416 4444418 mou 4444411 54418 44419 {mn 44441 md 44410 ω1) wsb„ 44419 846111 44441 αὖ11 44 444Ὴ1 ‘ouh-10 ffln
4424419 44447 444447 Mn„ 744471 7241174449 4444419 644417 44447 4444411 ⁷⁰⁶7 444971 44441 44471 44441
10 ⁷53²) ὓ415484114ῶ11842ῧ84411 mu ’194441 48411 444417 α4441 944410 mm 4448 ὼ 4 444417
911, 1979, 1999, 1919, 1919,111,, 971, 979, 991, 999, 997, 79171979, 111111, 99, 779, 119, 999, 119, 11
4442 ffi„ oeffl 44211 mn lsmm„ ¹⁰2914 ¹037⁶4⁰ 444440 44 24111 44418 4421
mmm„ 919, 79, 91,,91,97,,91, 199, 11711111, 99,117,199, 191, 791,
mma„ 1119777711. ο1191191119, 111179111911911191
117, 977,119,79,,, ,7.1111917, 191, 117, hm„ 119, 177, 991, 791,
μά 4 44417 42479 mn ³²¹1 4444419 4444717 ³²⁸²* 4 4444919 44477 74419 444449 8449 α447 44449 44444419
171, 119, 179, 771, 717, 711, 719,, 1919111799, 179, 979, 999, 997, 971, 1919,1119, 19,17,119,
991,999,,917,1919,1979,119, 999,1ο71,,1991,111, 11111171, w„
,1911111719,,711,,1199, ..1,111111179,71,11,,,177,999,, 91111199,
,111111717,999, 911, 999, 11 9,, 99, , ,M 119,
9111791, dim„ 9111719199,
9111111917, ml 1799, ,11111979
74444 4 44411 4444797111 4444979 444479 ω 4 444419 PM 4 444419 4441711 44409977
1191119797, mmmmm„ »111719,799,791,999,99,919919,
1711911 1 179917, 1111111, 199, 999,999,1997, 999,1919,1199,
1111111711,711,119,171,997,979, mmmmm„ 1911119,999,97,911,919,919,
1111111177,171,,171,971,,1111,11111779,1119, mimz„
1111111111171,171,119, 11111779,199, ,11111917,999,1911,1911,
1111 191717 91,, 11111799, 999, ,Ani 1 91, 91, 199, 711, 799, 191,
’44444 4 84441 444447 44441 97³„ 4444411 644419 44444411 44 44411 44441
1111111919, 11111111199,1117,
affl 1119, pst-..101 9,, 1997,
· 9111119119,
>0⁵⁵ ¹ ⁰01 ⁸⁶1 11119919 ⁶⁰¹„
719, 979,
11111119,
9111111911,
111 11⁸1„
1117199,111, 719, 719, 191, 991, 91111191,99,191,,199, 99, 711, 9111111191,
917, 1191,7977,, · 91,, 199, 979, 999, 799199, 991, 1111111 1 171,
’ 979,1979,1997,,,11199,119, ,117111791,117,799,
, 999, 11 91,, 111191 1 19, 99, 117, 199, 771, 199, 11111111 917,
19 w! 4441119711] 996„ 44444971 444441 Q 4 ω4417
11119111 11, 111, 119, 199, 179, 99, 1971, m„ 1991,, 1919,,,, <mn 1 799, 991, 991,
919,971,,,111,199,, 11111717, 991, am„ 117, 199, 199, ,11111 1719991,
..1111 11, 7,,,,, 171,191,,999,779,1999,1991,,1117, 1111111119,11199,

 

