1771171711.
177 , 177 ’

,771111771,111,717,777,1771,11 1ω1777,777,777,777,
117, 7111171,
,du 7 171,, 177,ὸί1 717,,771 777, 717,, 17111171 177,,771, 777,

33371 ⁸75777777-77 33 33317 3331 333 73331 'M 3 33377
’ω1177,,, 171 ,,,,177,777,,777,,771 1171111177,,,,777117,177,,717

²⁸⁸7777 Qlfflffillffi ω17,8,,,,,,61,,72,,76177100,1111,,

,,177,,,,,177,717,,7377,771, 17ὼ177,777,,,777,,,77,777, 117,177711,177,177,177177,,117,

9⁶⁰7777 α337777 33377 mmmmm! ¹9²0 mu ’33379 333717 mm 283711 333372
¹ ΜΙῚΩᾈῚ mo17844105213„&own⁴oe
,7177711117,1ι7,,777 177,,771177,177717,,,777771,,, ,

,,777,,777,, 777,711717,,711,771,,

777,,717,,717,,717 777, 717,, 77,

777 ,77, 77,,,, 717, 717,, 777,

717,177,,,,777,,1771,1777,7111,

17, 77,, 17, 171,, 171,,, 177, 177,
3217
1111111177,
xum-1170„ 171,, 177,,,,, 717, 777, 1731111717, 1177,177,,,,177,
1117717, 77⁷ 717,177,117,117,,, 717,,777,777, 77,,717, 771,,,,,777,, mu 1 701⁰ 7777 177, 77,, 77,, 717,

177,,177,,7177,177,,777,777 777, 1117 ⁴77⁴„71⁴77⁴⁴ 177, 711, 771, 117 ,,,,177,177,177 717,,

,717,,777,711,,,,,,777,777,,, Γ17,777,,,777,771 777⁴⁴770⁴777⁴
7771777177. 111 πη, 7177711717
⁴⁴700¹⁴⁴⁴ 111, 77⁴⁴ 7,,,77Μ W ,11171 077⁴ 711, 711, 117, 11 117,
771,771,,771,,,, 777, 777, 77,, 11ω777,,1117,, ,77, 111,
117, 77, 71, 1777111, 7,, 71, 77,, 77,, 11, 11, ,71711177
77,,71, 77 ,,,17,,,,77 171 ⁴777⁴⁴⁴777⁴⁴⁴ 7³27717077⁴⁴7070⁴⁴
117 ,111,,, 111 ,171,, 117, 177,ι 177, ⁴m1707⁴777⁴⁴
171177,171,,,177177,771,777,, 1771177711, 777,777,177, 777,
1711171711 11177177 1127
,77, 717, 711, 711, 717, 717, 777, ,11711 11 177,
26⁴777777-7777268 3331333733311-773337 13333333337133373731733313331
11333173331711-71 3331333111 233113337 &a 33 331
,,,,717 777 ,,77777,, ,77, 17111777, 777 ,,,177,177,,177,177
-171777333337133313371733371-77177733377333113337771 3337 3333733331
177,,,117,,1777111711, 177 ,171,, 117,
⁴⁴707⁴⁴ 717,, 711, 771, 77,, 777¹⁴ ,Aa-7· 1177, 1
3337337333171717-33317771133311333 133333 33 33371

777 ,77,777,,,, 777,,,,777,,777 ,ω117,777,777,777,777,711,

m! m „mu 83717 &5¹21 ae⁷⁰ 8338 most

77117 7111717171 ⁰27.. Ἀ1711171111
1711 33311 3337 3337717333 33317 733333 33337
171,, 777, 777, 777,777,1ο17,,, 1711111717, 771,771,771,,11171,
33331777 33337 33377 3 7711 17177771 &Q 3 313733311 33377
»7 1171, 77,, 771, 771,,,,777,,777,, ,,, 1177,117,, 117, 177, ,711 1717 171, ..777277771777⁴
mum 3311333317 33377 333717 ω17 -77 3331 3333171711 33333 3 3331717 33 3311 337
ὼ11,71,177,,,177,171,,777,77, 77111717, ,1717711777,717,
777,717,777,,717,,777,777,777,77.111177,.17ω11177,
·77 m„ 733717 33371 33733313331117 3331333333331733173333173331717π11-17 *33333 3 33313337 73317 3337 33 3337
777,777,1177,,71,,77,,,, 777,777,,171, mmmm„
..7221 77,,177,, 777, 77,,711777, 1177771. 1777, 13771177, 177, 771, 717,, 771,
3331717 mm 3337 3337 33311 3331777 3333333 333311 33371 33317 ⁴oe77 33311 33317 33713337
7771177111, 17177711 1717, 777,777,777,1717,

7777. 777. - 7. 7. 7. 77. 11

 

