223

um l 0011

0000004011 70017001
&mm
οω00000
..30³0 1 00410010001100010001

100000 4 07011 00411 00011 04011 00011
‘ml-0 4444440 4444414 (mlh flfflm ml 6⁷⁷2!

LEXICON.
224

07011 0001 400014004144 41 47110011 001

6640 424040 mlv
immo„ 070„

um· 1 4041 4001 0071 0001111 00411
00411 0001004144 4011 0011

444440 44440

usu-1000
,zm-1³1⁴,
fids-1000„070„11100„
0:0721010„

0001 0440170411 7001 74011 7001 404011 ,01ιο 4401

ammom„

fflffl0

100112„70„00„„17·1077„„„70„017 ογμι4444110014401000104410001100711

4040400004-ωο 444·004-040404040
00 ae0001 44404 444440 4444440 444404 44444000
00004444-0000004440007 4444400404οω

040

47-40 00000007 444400000040444

·17·10-7mm 6442 mmm 404348

404411
4444· 4 44400 α40 924 444440 4444040 24444

03044001000104711444011
00040001174011000110011
ωΜΗδθω
1400040001

„ami 1 10„ 070„ 11 401

m 1 74011 0001

w.» 1 00711 4010411001 40041
m 1 008„007„ 1001„
0:2¹0„

00047· 4 4471 44 401
00004 4 400011 44 41
mi 4 00011 00011 07711 0041

·77 444440 mm 444204 44444400 4444440444 4442404
400011 4040111 1000„ 11 401

1400 4 4001 44 40011

·10. 4 4001

,00400 4 40011 4001 0011 0041 04011
00011 00411 44001111 44 001

1040400 4 04011 0001 0401 00710401 400411
40011400144400114441144011

015201120„007„007„000,¹ 00110401

„0522 1 4771

x0022 1077„

QQQ

4440440011

...40 4 7041 00011 40041111 400011 400011
Q

..004 4 00011

ω.. 4 017001707144 40011

4400. 4 7011 00011 44 4001

10000. 4 0011 00411 0001000104411 44 4001

4400. 400011 0071144 44011

000004400011001111004100411 0001 ’

0001040 44 0441111401 4471

40. 4 0011 00411 0041 000„ 0001111 00011
077„ 444404 84440-40 444440 8920 9⁴⁰7 44440

0440444 4 701„ ⁷⁷³0

93„ m„

4071040 404111111040 172„ 170„ 40011 ,010 44 0011 40011

7 77„ mm 84440

bis 4001 4041140011 400111 40011

225

0041111 0001040100 04010441000110041

0041111 0411100040 001111 00011

mou 244440 3¹³1-12 444404444044-404440
0411100411οἰ01104οη11474111004110ὶο
&wimbis Μ1104011 tm„ 444411
44011 44011 44010ίο 40011 4041 40411040
11440 4001 47011 4701111111 40411 4041040
4440 44444040 4444 ⁵⁰⁸0 000„ 444444·οι
00444 44440 44470 44424044444 000„ 4444040
,1111 070„ 000110ἱο 0041ὸί0 00011 00011
0041104011040 0001044 64411 40401040
001044 04011 04411 00011 00011 0001040
mm ΜΗ mm mu 7¹ss⁰ 7⁴⁶2] Ίωθ
4444004444 44440 74440 44444040 4444440ιο 44447
0001111 0001114440 0401111040 04411
⁸⁷⁷! ω41884Ἇα4410 msswfflowu
00011040 00411 0001400100 4001111040
,11140471 4001114001140001140401040
40071 40401440 40441111 404011 44 4011
4711040 24411οἱ011040 4041111 4201111111
7001114001 40011 44011040
¹?- 4 071 041001 001 400110401111040
4401140411 04011040 00010011 0741 00411
ww mm ffl„ w! &N mn mo
QQQQQQQ
00011040 072„ 0041 00011 70011040 7001
0011111111 40411040 74411 70011044
⁷6⁹1047 m! w„ &BR-5 44442 αὔδ-

44 8681) 872⁹·ss ssffl„ ww wi„ wli

002„ 04011 04411 04011444011040 400411
4444444 44 4400 68„ 4444040 440 44444040
Β440 ffi„ 44444040 4444044400 44400
ub}- 1 4401111 00011
4004041. 44 04111 001111 001 440114441
0000
li}- 4 40011 40411 40011 70011 404011
mamm) 3444444 4444440
«01440011
*¹1⁸¹ 4 44440
[A 1 ²⁴⁶20 07011 04411 0041144071140011 ¹
00
1410 4 04011 404011 44 4401
,0144444011
ww
¹5³⁸ 11 44011
444 4 444400 2444444 3440 444440 44400 ⁴09„
4401 40011 0001 70411111 44 44011
010 4 47011
„30 l 200„ 007144011 00011 07011 40401

44 110„ 4401

..01440701

 

