LEXICON.
316 317 318

11111 11111 111111 11111 1111 11111 11111 11111111111111 ovib Ι 2111161111

m 11111 11111 1111111111 11111 11111 20'21'01180⁶

511111111111111111111111 111111111111111111111

111111 111111 11111 11111 17111 111111 111111 11111111111 1111111

1111 1111111 1111111111 111111 11111111 qam! 111111

111111 1111111 111111 111111 11111-11111111111111 1111111 1 1111111 11111111 1 66011

ω11 1111111 1111111 11 1111111111 1111 11191 11111111 1 1111111111 m l &3⁴9 {³21⁴⁴3

1111 11111 1111111111 1 ⁷ W& ⁷4⁷

1 1141111111 ζ ’ «1111111111111111111111111111111

, 1111111111111111111111111111111111111111111, 1111111111

,11 m„ 1111 ll 1111 111 ιξοώ 1 11111 1111 11111 11111111 ,111 11 ³⁷1⁷

1111.ρΙ 11111 1111111 11111 1111111 ,1111111111111111111111 11111111111

aas„ 11111 11111 1111111111111111111 111111» 1 11111 11111 1111 11111111 1111 11 ml 111111111111111111
1111111111 11111 111111 1111111111111 1111111 1118 ’11111 1 111 11111 111111 11111
1111Β ,11116 1111111 1111311111]

Q 1 51111 8111 11111111111111 111 11111111 11111 31111111 0111511171

114&- 1111 1111 1111111111 11111111 11111 1111 11111 11111 1111111111 1111 11111 „sus 1 1111
11111111111111 1111111111, 111111 1111111111

qus· 1 11111 ' ¹

...11111 1216 11111

10 1⁰

aum„ .
Q 111111 · >²3 1 111111 11111 11111 1111 1111 1111 11111

1 *4111111111 111111 111111 111111 11111111111111111111111111 1111111111 11111 11111 111111 11111 11111

1111111· 111111 1111 111111111111111111111111-111111 ῶ111111111111111111111111111 1111111111
111κ1ῧ 1 11111 1111 11111 11 1111111 11 11111 11111 11111111 ⁹³²⁶ 1 1111 111111 1111 111111 111111
ηἰὶρη 1 1011 Q} 7131 1ὲώ 1 31111

111111111111111111111 &holmum Μ1111111111111111111111111111111
susp» 11 11 „Am-{mm 111111 ’
11111111111111 4111111111

Q 1111

’ 71111111111111111-11Μ111111111111111111 1111111 1 11111 *1311111 1111

1111111111 11111 1111111111111 m„ ,111111 1111111 11161111111111111111
ΕΜ) m! ffi718 m„ 111111 ¹mm! *Qu 1 11111 wie 11111171 ³⁸5 11811
QwoezbwleM-sssswww Μ 111111 >⁸²²³ 111114) 1112
1111111111111111111111111111111111111 *1111111 11111 κω 111111 1111111
Q 1 m! 111119 111120 mla flfflw mla ψ 1 ¹⁰23 11110 1111111161111121 emmo-lb μ 1 1111 mil 11119
m! *Β ffi²¹³3 1111111 81111 11 b„ 110 1118 11112 &Q 1 wi
111τό 1 111111 Μ 1 1 ῃ111111 111111 11111111111 >⁹⁸²3i 1 11111 11111
..1111111111 111. 1111111111 11 11111 mi 1111111
amum„ 1111111111 nalem,
urb 1 m& μ 111115 fb„ 1 11116 ml mm 883¹, 11113 ww
Q 1111111 91111 111111 11111 11111 111111-11 1111111 1111111111
11111111 »ιι-»1111111 1111111111 11111
1111111111 ,zi-21¹ 11111 >451 111 11111111 111 111111 11111 11111
,1. 1 1111 11111 11111 1111 11111 111111 ‚ak-5. 1 11111 11111 111111111 11111 11111 11111 111111 11 111
11 m„ 11111 11111 11111 1 Mas· 11111 ,aul 1111 1111 11111111 1111111111
023.- 1 11111 ,am 111111 111111111111111
,1.1111 ,1111111111 ω 11111
finium„ 11111111111111111111111111111111ω11111
pst! 31134 m? 111113 ⁴&ss mle 111111 α11181111 mil-ww 69ὖὶἵῶ 111119 1111 >⁸²⁹ 111118 111 1110 12117 mn 111123 311111
π1111111 11111111 1111 1111 1111111 1111111111 11111-1111111111111 111111 wo 1111 11111 111111 11111 11111
aalma 1311111111 11111111 111111 11 111 11111111

 

