LEXICON.
328 330

40μοοἈ ἶ 0’ 1001000000οω
mamm„ ο ’ 111111
,1,1111,,111,,111,,111,1111, 1111111111,
“3⁸5 ¹ 22011 0 01000* 0 1000111
..φιρῐ 11 11, · κ611111111111111,,1111,,
*Pi 0 0011 . 0 900100 0 7001111
1-00 ¹ ⁴⁰10 001 00011 0011 ²⁷²0 0001 00011 100000· 0 001 0001111 100000 ¹ 00011
00011 00110011 07011 10100000 0 0011 000 0 0011 0011 771 ¹¹77 10011 00011 0011
010010011 000111 ,h ¹ 00011 ω01 0001111 00οῡ 0001100011 0011100011
μ l ⁴¹'l 10οῈ 0001001616 31216301111 0000 0 mm mss 0721 wlff-¹9 00011 ωι7-6 000161000741111700011612 100016
111, 111, 111, 111,111,,111,111,, 11111, . 1111111,111,, 111, 207„ 111, .
111, 111, 11 111, 11111 1 111, a& 1 20„ 11, 1,, 111111 111, 000¹⁴
’10000 0 00011 ffb 0 001 00011 07011 H 0011 10011
,1,111111, Qum„ ,11111111 111,

v ,51111,11,,11,, 111,111,,111,,111, 1μ111,,11,,11,,11,,111,,111,,111, 1111111111,

ΜΒ mi 400Ι ww 0001 00012 07011 mlh 0701111 ⁴³¹ae 00111 fifflu 0001οῃ6 Q 0 ω17 mm 20011 3177 00011 300111 00011

111,,111,’ι 11, 111, 111, 111, 111, ,11,,111,,1111,,1ο11,11111,, 111,111,111,,111,,1111,,

7001 7011 00011 001 700110001 ffl²2 *2⁹3ss 0 0011 001 00100011 001 0011 *0000 0 0011

111, 000²⁰ 111, 111, 1000¹² 1111, 11 111, 111,,,,, mm, 007„ 111, 1020⁷ „022⁵ 1111, 111, 111,,,,1111,,,

⁴„127„120⁷ 1111,1111,1111,,111, ,11111111,,111,,

00100 ¹ 00011 00011 ’ 001000000111001100110001 0000 0010100100100011 00110 011
,1,11 1 mm 111, 111, 111, mm ,1111111 1111, 111, 111, 111111,111,, ,11111 1 ¹⁰⁰⁰ae

111,111,,,,, 111,111,,111,111,111,, 1111,11111,,111, 11111 1 111,111,,111,, 11 1,

mflmimwmssmwwvmofl ,300000007001216 00002001Ὶῆ600011000160002ωο11

11111,Ι ,111111 1 1,11,, 111,111,,111, 111, 072„ 111,,1111, 11 117²⁰ 120„
.ξ,11111,111,,111,, 111,111,111,, 11111111, 111111,

111, ,111111 1,,111, 1111111,,111,111,,111,,111,,
100100 0 0)οπ ’.ἶ-’0 Ῐ 0011 a³10 001 0021000100100ου 100000000110001111000100011000100011
&²⁵3 0 00011 m„ 00011 0071-11 0001111 0001100011 0011 00011 *000 ¹ 00011 0001 7101 00011
μ111,111,,111,111,, ,111,,111,,111,,111,1οο1,,1111, ,ξ111111

00³1 ¹ 11 11111 11, ⁶0 ⁶⁰⁰„ 70 1 0„ ⁶0 ⁸02, ⁶00 ⁵20 111
0⁶, ⁶⁰0 000 00 ⁷10 11111 ⁸⁰0 ⁸0, ⁸³⁸„ 1111111111

111,,111,, 111, 11 111, 111,

70³³ 1 003„ 111,111,, 111,1111,,
„2³3 1111, 111,111,, 11 1,,
1111111111, 11111 1 111, 111,
0100 ¹ 00011 200110001 00011 00010001 0000 000011 ‘
000¹² 111, 111111 1111,,11111, 111, 11111111,
„appi 0 0011 00011 0001 70011 00011 00011 ’000 1 ⁷6‘’71702
,111 1111111,
&arpi 1 1111,7 11111 1 111,111,,1ω,,111,,1111,,1ο11,,
>⁸⁹7ss 1 221¹² 111, 072²⁴ 11 111,, 72³5· 1 202² 720¹⁴
10100. ¹ 0011 001111 0001 n ⁴⁴7 ³²3³& ¹ ⁶⁸¹0 00011 100011 101011
1111111111,111,,111,, 111111,111,,111,,111,,111,111,1111,,
,1111111111ο,,111,,1111,, 11111111,
„02le 1111111111Η11111,

,11111 111,111,,111,,111,,111,,111,, 11111· 1111,,111,111,, 111,

..ι-1111111 111,,11ο,, 111 1111,,11,,,,,,,,
00000* 1 mmm 0011 0017 M¹1⁴ 000111 ψ 0000111

111,,111,111,, 111, 111,1111,,11,, Ψ 1 111, 111, 111,7 111, 111, 111,
0255&- 1111,,,,, 002,⁰ 000ae ⁹⁶⁷m 1111,2 1111,ὖ 11111,,1117

11111, μὶ 1 111, 111,,111,, 000¹⁷ 11,111,,,,

 

