271

7777 7 7661111

7ω6666

7166716661

177 16711 661 6761 211u 76711 6671 66111
Μῇκῃῶ

67 1 11 66

737 1 7671111 76711

777 1 6711 77717771 7771

7777167611

1677776611

17 1 61 66711 66611 11 76611

,As 1 6611

7777 1 6661177611 11 7761

,717 1 6661 6661

mi 1 111²⁴ 77711 7671 116111161761176611
mi 1 76166166117611 7771111 6611
1771 1 776,

&w 1 75576 7111677 7113„ 77377

1373 l 8181111111 67911 11911

¹:¹³⁵ 1 15567 15576 3196677676 1157777 51577
5756911176 9157677-777777 9⁰⁸2 151576

μ115[1187171765731276 9737779767

fl 13¹5 4¹12-1117·21·21⁸¹111 11021 ¹⁴¹14111

111411 1 6611 111lb

——-

77777 1 6761

*is-11» 11 76611

*Subi 161 76117711
· 61771777 1 6111

17777777 1 611

[³²³⁵ 1 21177 1111177 51577 55576
766771 6771

777777 1 77611 6661667611 77711 6671
1121» 1 6152,

1674771761 ”

x1113 11 7671

*²⁴²⁵ 1 216155761511677-77151176 1111176
17777 1 6771

777» 1111

7771ιὶ 1 7661676111

LEXICON.
272 273

7771ιὶ 17661 1,1177171 66711
177777761677111771761 777717666166611
7777777761 7777776711 6661177611 17 121¹
7177717 1 6611 177771 766611

1777777 17761 77711 66611 67611 6661 11 71777717671676ι 676111111611

7611 611
7177 1 66611 661 66711
..777 1 66611 6671
WQQQQQ
2313 1 1100„
777 7 7671 17 6611
,7777 1 6771 766611
71777 1 76611
,zm 1 7661111 767111 7661 676166611
77-777 1 7711 777771 7671111616111111 7661 76611
Q 1 551176 1111177 &M 1 55176
777 1 7611 76711 7661 6671111 66711 66611 7717777 1 77611
6771166711 ...7777617611
7777716761 7771776117761767166611661
7777166711 ..1767117661
117717 11 7661 771771 1 66711
x111111111¹⁴ ·
..7777717 1 7761166711
,7177 1 77611 66611
,777716661171671176617761766711 ’ '
777777167711761 117777761677116661166617761
177777 17761 ,1677771761
*7761766676 ώῐ7677677777767
,7177716671 717717616617661166611677116671
*1111 1 5517 95176 11 1576 55676 11117676 1157677 151177 mv 1537 5516
“m 1 251176 55176 15977 51117676 55176 51575717 55576 51577 515776 5757777
,717671177611 6761116661776117761 7661766111 66611
17777671667116661 66616661661176761117611 76176611
67777771666666 6661111 66611 6661176661 777777 1 67711 66611
,7177771666116671111 1771776177177611116711
17777667167176661176761 111311127101⁷
66166617616611117761 17771671
..777771 66611 ,ϋ167117661176611
'm 1 2576 1576 9276 551177 ³9⁶1 ’15117 5557 5²¹3 1 7557511 77576 mm 11117777 111157
116771167611 6671766111 7761767166611 67611 11 771
666166616661176761 0:1211100²⁰
67677 166611 71771 66166116617771 6771 66711 11 77611
617671666177711 1771661
71777716671176611 177771666116671111761
xm 1 mm 5115151 1 15577
7777716661 7717771711
7777777 17661 1177771761
6771716 Ι 801111 μὐὀ Ι 75611
1,61716661 7777177611
1177167771 7771166711
7176716771. x1111112„
717777166166711666116671167716661177711 1177716761

 

